COUNT: 311
MEAN: 240.7871753
MEDIAN: 241.0
MODE: 393.0
SD: 145.7572708
VARIANCE: 21314.38453
ELAPSED TIME: 0.0006701946258544922 seconds
