COUNT: 1977
MEAN: 250.7840162
MEDIAN: 247.0
MODE: 230.0
SD: 144.1713187
VARIANCE: 20795.88804
ELAPSED TIME: 0.007047176361083984 seconds
