COUNT: 12624
MEAN: 149.0026735
MEDIAN: 147.75
MODE: 123.75
SD: 130.4144196
VARIANCE: 17009.26822
ELAPSED TIME: 0.0533907413482666 seconds
