COUNT: 12624
MEAN: 249.7762199
MEDIAN: 249.0
MODE: 94.0
SD: 145.3178498
VARIANCE: 21118.95039
ELAPSED TIME: 0.034293174743652344 seconds
